2026-02-22 10:28:38.303084 | 8072
2026-02-22 10:28:38.303310 | 8089
2026-02-22 10:28:38.303453 | 8086
2026-02-22 10:28:38.303593 | 8073
2026-02-22 10:28:38.303738 | 8060
2026-02-22 10:28:38.319058 | 8061
2026-02-22 10:28:38.319291 | 8060
2026-02-22 10:28:38.319433 | 8065
2026-02-22 10:28:38.319572 | 8076
2026-02-22 10:28:38.319711 | 8093
2026-02-22 10:28:38.319854 | 8082
2026-02-22 10:28:38.335094 | 8079
2026-02-22 10:28:38.335323 | 8074
2026-02-22 10:28:38.335454 | 8073
2026-02-22 10:28:38.335587 | 8084
2026-02-22 10:28:38.335711 | 8079
2026-02-22 10:28:38.351037 | 8076
2026-02-22 10:28:38.351261 | 8061
2026-02-22 10:28:38.351390 | 8076
2026-02-22 10:28:38.351529 | 8077
2026-02-22 10:28:38.351733 | 8072
2026-02-22 10:28:38.366968 | 8073
2026-02-22 10:28:38.367194 | 8068
2026-02-22 10:28:38.367322 | 8081
2026-02-22 10:28:38.367446 | 8094
2026-02-22 10:28:38.367569 | 8095
2026-02-22 10:28:38.382973 | 8086
2026-02-22 10:28:38.383229 | 8075
2026-02-22 10:28:38.383420 | 8062
2026-02-22 10:28:38.383632 | 8065
2026-02-22 10:28:38.383820 | 8072
2026-02-22 10:28:38.399088 | 8079
2026-02-22 10:28:38.399406 | 8086
2026-02-22 10:28:38.399570 | 8087
2026-02-22 10:28:38.399713 | 8088
2026-02-22 10:28:38.399853 | 8089
2026-02-22 10:28:38.414935 | 8080
2026-02-22 10:28:38.415199 | 8077
2026-02-22 10:28:38.415391 | 8078
2026-02-22 10:28:38.415594 | 8065
2026-02-22 10:28:38.415782 | 8070
2026-02-22 10:28:38.431067 | 8077
2026-02-22 10:28:38.431379 | 8084
2026-02-22 10:28:38.431627 | 8075
2026-02-22 10:28:38.431827 | 8054
2026-02-22 10:28:38.432049 | 8069
2026-02-22 10:28:38.446948 | 8078
2026-02-22 10:28:38.447269 | 8085
2026-02-22 10:28:38.447492 | 8078
2026-02-22 10:28:38.447674 | 8071
2026-02-22 10:28:38.447887 | 8088
2026-02-22 10:28:38.462901 | 8091
2026-02-22 10:28:38.463197 | 8074
2026-02-22 10:28:38.463396 | 8077
2026-02-22 10:28:38.463575 | 8068
2026-02-22 10:28:38.463764 | 8065
2026-02-22 10:28:38.478989 | 8074
2026-02-22 10:28:38.479404 | 8083
2026-02-22 10:28:38.479602 | 8076
2026-02-22 10:28:38.479804 | 8075
2026-02-22 10:28:38.480012 | 8064
2026-02-22 10:28:38.494925 | 8055
2026-02-22 10:28:38.495297 | 8056
2026-02-22 10:28:38.495430 | 8073
2026-02-22 10:28:38.495602 | 8074
2026-02-22 10:28:38.495752 | 8077
2026-02-22 10:28:38.495916 | 8080
2026-02-22 10:28:38.510979 | 8075
2026-02-22 10:28:38.511425 | 8074
2026-02-22 10:28:38.511618 | 8073
2026-02-22 10:28:38.511804 | 8078
2026-02-22 10:28:38.511997 | 8077
2026-02-22 10:28:38.526961 | 8070
2026-02-22 10:28:38.527359 | 8087
2026-02-22 10:28:38.527558 | 8088
2026-02-22 10:28:38.527745 | 8073
2026-02-22 10:28:38.527960 | 8068
2026-02-22 10:28:38.542921 | 8055
2026-02-22 10:28:38.543300 | 8052
2026-02-22 10:28:38.543496 | 8075
2026-02-22 10:28:38.543632 | 8090
2026-02-22 10:28:38.543755 | 8097
2026-02-22 10:28:38.558758 | 8086
2026-02-22 10:28:38.559061 | 8091
2026-02-22 10:28:38.559265 | 8078
2026-02-22 10:28:38.559406 | 8067
2026-02-22 10:28:38.559537 | 8074
2026-02-22 10:28:38.574955 | 8067
2026-02-22 10:28:38.575184 | 8068
2026-02-22 10:28:38.575313 | 8075
2026-02-22 10:28:38.575456 | 8086
2026-02-22 10:28:38.575606 | 8089
2026-02-22 10:28:38.590723 | 8082
2026-02-22 10:28:38.590965 | 8071
2026-02-22 10:28:38.591102 | 8060
2026-02-22 10:28:38.591227 | 8075
2026-02-22 10:28:38.591355 | 8086
2026-02-22 10:28:38.606750 | 8087
2026-02-22 10:28:38.607001 | 8090
2026-02-22 10:28:38.607150 | 8071
2026-02-22 10:28:38.607290 | 8052
2026-02-22 10:28:38.607426 | 8063
2026-02-22 10:28:38.622723 | 8060
2026-02-22 10:28:38.622986 | 8073
2026-02-22 10:28:38.623130 | 8072
2026-02-22 10:28:38.623268 | 8091
2026-02-22 10:28:38.623392 | 8088
2026-02-22 10:28:38.638614 | 8073
2026-02-22 10:28:38.638842 | 8062
2026-02-22 10:28:38.638992 | 8053
2026-02-22 10:28:38.639120 | 8060
2026-02-22 10:28:38.639244 | 8079
2026-02-22 10:28:38.654594 | 8084
2026-02-22 10:28:38.654821 | 8089
2026-02-22 10:28:38.654971 | 8090
2026-02-22 10:28:38.655119 | 8081
2026-02-22 10:28:38.655244 | 8066
2026-02-22 10:28:38.670558 | 8053
2026-02-22 10:28:38.670792 | 8060
2026-02-22 10:28:38.670964 | 8069
2026-02-22 10:28:38.671115 | 8082
2026-02-22 10:28:38.671258 | 8091
2026-02-22 10:28:38.671399 | 8082
2026-02-22 10:28:38.686546 | 8077
2026-02-22 10:28:38.686773 | 8064
2026-02-22 10:28:38.686926 | 8061
2026-02-22 10:28:38.687071 | 8074
2026-02-22 10:28:38.687205 | 8083
2026-02-22 10:28:38.702503 | 8088
2026-02-22 10:28:38.702767 | 8101
2026-02-22 10:28:38.702969 | 8100
2026-02-22 10:28:38.703156 | 8087
2026-02-22 10:28:38.703327 | 8084
2026-02-22 10:28:38.718476 | 8073
2026-02-22 10:28:38.718733 | 8066
2026-02-22 10:28:38.718928 | 8075
2026-02-22 10:28:38.719107 | 8082
2026-02-22 10:28:38.719274 | 8091
2026-02-22 10:28:38.734516 | 8084
2026-02-22 10:28:38.734783 | 8087
2026-02-22 10:28:38.734990 | 8074
2026-02-22 10:28:38.735179 | 8071
2026-02-22 10:28:38.735354 | 8070
2026-02-22 10:28:38.750455 | 8073
2026-02-22 10:28:38.750742 | 8078
2026-02-22 10:28:38.750949 | 8081
2026-02-22 10:28:38.751135 | 8076
2026-02-22 10:28:38.751307 | 8083
2026-02-22 10:28:38.766446 | 8074
2026-02-22 10:28:38.766710 | 8059
2026-02-22 10:28:38.766905 | 8060
2026-02-22 10:28:38.767083 | 8073
2026-02-22 10:28:38.767252 | 8074
2026-02-22 10:28:38.782490 | 8093
2026-02-22 10:28:38.782751 | 8090
2026-02-22 10:28:38.782943 | 8073
2026-02-22 10:28:38.783127 | 8060
2026-02-22 10:28:38.783301 | 8053
2026-02-22 10:28:38.798475 | 8068
2026-02-22 10:28:38.798751 | 8079
2026-02-22 10:28:38.798944 | 8084
2026-02-22 10:28:38.799159 | 8089
2026-02-22 10:28:38.799337 | 8096
2026-02-22 10:28:38.814344 | 8097
2026-02-22 10:28:38.814605 | 8072
2026-02-22 10:28:38.814758 | 8061
2026-02-22 10:28:38.814917 | 8064
2026-02-22 10:28:38.815058 | 8073
2026-02-22 10:28:38.830307 | 8078
2026-02-22 10:28:38.830565 | 8095
2026-02-22 10:28:38.830721 | 8088
2026-02-22 10:28:38.830856 | 8083
2026-02-22 10:28:38.831020 | 8076
2026-02-22 10:28:38.846365 | 8067
2026-02-22 10:28:38.846636 | 8060
2026-02-22 10:28:38.846776 | 8069
2026-02-22 10:28:38.846972 | 8072
2026-02-22 10:28:38.847158 | 8083
2026-02-22 10:28:38.862206 | 8084
2026-02-22 10:28:38.862536 | 8075
2026-02-22 10:28:38.862744 | 8052
2026-02-22 10:28:38.862933 | 8047
2026-02-22 10:28:38.863112 | 8068
2026-02-22 10:28:38.863280 | 8073
2026-02-22 10:28:38.878306 | 8070
2026-02-22 10:28:38.878621 | 8073
2026-02-22 10:28:38.878819 | 8078
2026-02-22 10:28:38.879045 | 8077
2026-02-22 10:28:38.879237 | 8060
2026-02-22 10:28:38.894402 | 8057
2026-02-22 10:28:38.894760 | 8072
2026-02-22 10:28:38.894914 | 8075
2026-02-22 10:28:38.895055 | 8072
2026-02-22 10:28:38.895203 | 8087
2026-02-22 10:28:38.910400 | 8092
2026-02-22 10:28:38.910795 | 8083
2026-02-22 10:28:38.910976 | 8086
2026-02-22 10:28:38.911140 | 8069
2026-02-22 10:28:38.911330 | 8064
2026-02-22 10:28:38.926387 | 8069
2026-02-22 10:28:38.926759 | 8072
2026-02-22 10:28:38.926920 | 8099
2026-02-22 10:28:38.927066 | 8094
2026-02-22 10:28:38.927270 | 8079
2026-02-22 10:28:38.942427 | 8064
2026-02-22 10:28:38.942795 | 8067
2026-02-22 10:28:38.942975 | 8064
2026-02-22 10:28:38.943157 | 8069
2026-02-22 10:28:38.943313 | 8086
2026-02-22 10:28:38.958467 | 8093
2026-02-22 10:28:38.958835 | 8092
2026-02-22 10:28:38.959056 | 8091
2026-02-22 10:28:38.959205 | 8080
2026-02-22 10:28:38.959335 | 8067
2026-02-22 10:28:38.974133 | 8062
2026-02-22 10:28:38.974361 | 8063
2026-02-22 10:28:38.974497 | 8082
2026-02-22 10:28:38.974625 | 8093
2026-02-22 10:28:38.974788 | 8080
2026-02-22 10:28:38.990302 | 8079
2026-02-22 10:28:38.990537 | 8070
2026-02-22 10:28:38.990720 | 8055
2026-02-22 10:28:38.990899 | 8054
2026-02-22 10:28:38.991044 | 8055
2026-02-22 10:28:39.006132 | 8058
2026-02-22 10:28:39.006357 | 8073
2026-02-22 10:28:39.006487 | 8086
2026-02-22 10:28:39.006611 | 8085
2026-02-22 10:28:39.006740 | 8062
2026-02-22 10:28:39.022285 | 8065
2026-02-22 10:28:39.022523 | 8078
2026-02-22 10:28:39.022667 | 8083
2026-02-22 10:28:39.022851 | 8082
2026-02-22 10:28:39.023042 | 8085
2026-02-22 10:28:39.023189 | 8082
2026-02-22 10:28:39.038195 | 8079
2026-02-22 10:28:39.038454 | 8068
2026-02-22 10:28:39.038617 | 8075
2026-02-22 10:28:39.038773 | 8072
2026-02-22 10:28:39.038937 | 8071
2026-02-22 10:28:39.054083 | 8078
2026-02-22 10:28:39.054313 | 8087
2026-02-22 10:28:39.054454 | 8086
2026-02-22 10:28:39.054594 | 8087
2026-02-22 10:28:39.054737 | 8078
2026-02-22 10:28:39.070003 | 8057
2026-02-22 10:28:39.070234 | 8062
2026-02-22 10:28:39.070374 | 8069
2026-02-22 10:28:39.070512 | 8076
2026-02-22 10:28:39.070652 | 8095
2026-02-22 10:28:39.085963 | 8096
2026-02-22 10:28:39.086253 | 8079
2026-02-22 10:28:39.086455 | 8072
2026-02-22 10:28:39.086654 | 8067
2026-02-22 10:28:39.086839 | 8068
2026-02-22 10:28:39.101938 | 8065
2026-02-22 10:28:39.102189 | 8070
2026-02-22 10:28:39.102385 | 8079
2026-02-22 10:28:39.102579 | 8090
2026-02-22 10:28:39.102779 | 8087
2026-02-22 10:28:39.117956 | 8076
2026-02-22 10:28:39.118212 | 8061
2026-02-22 10:28:39.118407 | 8072
2026-02-22 10:28:39.118590 | 8075
2026-02-22 10:28:39.118808 | 8074
2026-02-22 10:28:39.133924 | 8091
2026-02-22 10:28:39.134149 | 8104
2026-02-22 10:28:39.134283 | 8099
2026-02-22 10:28:39.134409 | 8078
2026-02-22 10:28:39.134536 | 8057
2026-02-22 10:28:39.149971 | 8062
2026-02-22 10:28:39.150223 | 8069
2026-02-22 10:28:39.150359 | 8058
2026-02-22 10:28:39.150499 | 8073
2026-02-22 10:28:39.150661 | 8078
2026-02-22 10:28:39.165882 | 8079
2026-02-22 10:28:39.166123 | 8072
2026-02-22 10:28:39.166255 | 8065
2026-02-22 10:28:39.166384 | 8056
2026-02-22 10:28:39.166520 | 8073
2026-02-22 10:28:39.181937 | 8078
2026-02-22 10:28:39.182269 | 8083
2026-02-22 10:28:39.182398 | 8098
2026-02-22 10:28:39.182523 | 8087
2026-02-22 10:28:39.182655 | 8070
2026-02-22 10:28:39.182780 | 8061
2026-02-22 10:28:39.197786 | 8060
2026-02-22 10:28:39.198080 | 8077
2026-02-22 10:28:39.198226 | 8072
2026-02-22 10:28:39.198364 | 8075
2026-02-22 10:28:39.198501 | 8082
2026-02-22 10:28:39.213848 | 8087
2026-02-22 10:28:39.214151 | 8074
2026-02-22 10:28:39.214304 | 8071
2026-02-22 10:28:39.214433 | 8056
2026-02-22 10:28:39.214560 | 8063
2026-02-22 10:28:39.229785 | 8080
2026-02-22 10:28:39.230081 | 8089
2026-02-22 10:28:39.230264 | 8090
2026-02-22 10:28:39.230445 | 8073
2026-02-22 10:28:39.230623 | 8062
2026-02-22 10:28:39.245776 | 8065
2026-02-22 10:28:39.246106 | 8050
2026-02-22 10:28:39.246262 | 8059
2026-02-22 10:28:39.246422 | 8074
2026-02-22 10:28:39.246557 | 8073
2026-02-22 10:28:39.261956 | 8076
2026-02-22 10:28:39.262430 | 8083
2026-02-22 10:28:39.262628 | 8074
2026-02-22 10:28:39.262821 | 8073
2026-02-22 10:28:39.263004 | 8068
2026-02-22 10:28:39.277890 | 8055
2026-02-22 10:28:39.278364 | 8064
2026-02-22 10:28:39.278603 | 8079
2026-02-22 10:28:39.278803 | 8082
2026-02-22 10:28:39.279012 | 8095
2026-02-22 10:28:39.293829 | 8074
2026-02-22 10:28:39.294237 | 8071
2026-02-22 10:28:39.294370 | 8068
2026-02-22 10:28:39.294497 | 8061
2026-02-22 10:28:39.294624 | 8060
2026-02-22 10:28:39.309754 | 8069
2026-02-22 10:28:39.310104 | 8086
2026-02-22 10:28:39.310253 | 8079
2026-02-22 10:28:39.310437 | 8072
2026-02-22 10:28:39.310565 | 8051
2026-02-22 10:28:39.325752 | 8046
2026-02-22 10:28:39.326160 | 8057
2026-02-22 10:28:39.326310 | 8066
2026-02-22 10:28:39.326458 | 8081
2026-02-22 10:28:39.326597 | 8084
2026-02-22 10:28:39.341770 | 8085
2026-02-22 10:28:39.342128 | 8072
2026-02-22 10:28:39.342271 | 8049
2026-02-22 10:28:39.342414 | 8056
2026-02-22 10:28:39.342557 | 8073
2026-02-22 10:28:39.357517 | 8084
2026-02-22 10:28:39.357933 | 8095
2026-02-22 10:28:39.358071 | 8090
2026-02-22 10:28:39.358217 | 8089
2026-02-22 10:28:39.358367 | 8064
2026-02-22 10:28:39.358516 | 8053
2026-02-22 10:28:39.373574 | 8060
2026-02-22 10:28:39.373806 | 8077
2026-02-22 10:28:39.373957 | 8086
2026-02-22 10:28:39.374092 | 8095
2026-02-22 10:28:39.374264 | 8086
2026-02-22 10:28:39.389579 | 8079
2026-02-22 10:28:39.389809 | 8068
2026-02-22 10:28:39.389967 | 8075
2026-02-22 10:28:39.390110 | 8066
2026-02-22 10:28:39.390271 | 8059
2026-02-22 10:28:39.405525 | 8066
2026-02-22 10:28:39.405752 | 8079
2026-02-22 10:28:39.405910 | 8082
2026-02-22 10:28:39.406069 | 8081
2026-02-22 10:28:39.406219 | 8076
2026-02-22 10:28:39.421485 | 8075
2026-02-22 10:28:39.421720 | 8058
2026-02-22 10:28:39.421878 | 8069
2026-02-22 10:28:39.422032 | 8082
2026-02-22 10:28:39.422174 | 8097
2026-02-22 10:28:39.437914 | 8082
2026-02-22 10:28:39.438259 | 8073
2026-02-22 10:28:39.438448 | 8074
2026-02-22 10:28:39.438610 | 8065
2026-02-22 10:28:39.438764 | 8064
2026-02-22 10:28:39.454119 | 8063
2026-02-22 10:28:39.454433 | 8076
2026-02-22 10:28:39.454599 | 8083
2026-02-22 10:28:39.454755 | 8082
2026-02-22 10:28:39.454901 | 8079
2026-02-22 10:28:39.469475 | 8066
2026-02-22 10:28:39.469773 | 8059
2026-02-22 10:28:39.469927 | 8060
2026-02-22 10:28:39.470052 | 8063
2026-02-22 10:28:39.470180 | 8064
2026-02-22 10:28:39.486622 | 8067
2026-02-22 10:28:39.487166 | 8088
2026-02-22 10:28:39.487367 | 8091
2026-02-22 10:28:39.487514 | 8078
2026-02-22 10:28:39.487725 | 8061
2026-02-22 10:28:39.501432 | 8060
2026-02-22 10:28:39.501774 | 8069
2026-02-22 10:28:39.502316 | 8078
2026-02-22 10:28:39.502481 | 8085
2026-02-22 10:28:39.502629 | 8090
2026-02-22 10:28:39.517333 | 8083
2026-02-22 10:28:39.517622 | 8078
2026-02-22 10:28:39.517716 | 8065
2026-02-22 10:28:39.517802 | 8062
2026-02-22 10:28:39.517913 | 8073
2026-02-22 10:28:39.518004 | 8078
2026-02-22 10:28:39.533811 | 8087
2026-02-22 10:28:39.534497 | 8098
2026-02-22 10:28:39.535137 | 8091
2026-02-22 10:28:39.535482 | 8068
2026-02-22 10:28:39.535607 | 8065
2026-02-22 10:28:39.549363 | 8054
2026-02-22 10:28:39.549713 | 8057
2026-02-22 10:28:39.549895 | 8078
2026-02-22 10:28:39.550045 | 8083
2026-02-22 10:28:39.550190 | 8078
2026-02-22 10:28:39.565273 | 8077
2026-02-22 10:28:39.565483 | 8084
2026-02-22 10:28:39.565576 | 8071
2026-02-22 10:28:39.565665 | 8058
2026-02-22 10:28:39.565753 | 8059
2026-02-22 10:28:39.581274 | 8072
2026-02-22 10:28:39.581481 | 8081
2026-02-22 10:28:39.581577 | 8082
2026-02-22 10:28:39.581667 | 8079
2026-02-22 10:28:39.581755 | 8062
2026-02-22 10:28:39.597324 | 8049
2026-02-22 10:28:39.597578 | 8068
2026-02-22 10:28:39.597713 | 8075
2026-02-22 10:28:39.597843 | 8072
2026-02-22 10:28:39.598017 | 8085
2026-02-22 10:28:39.613215 | 8090
2026-02-22 10:28:39.613474 | 8075
2026-02-22 10:28:39.613609 | 8068
2026-02-22 10:28:39.613741 | 8061
2026-02-22 10:28:39.613903 | 8056
2026-02-22 10:28:39.629207 | 8053
2026-02-22 10:28:39.629449 | 8064
2026-02-22 10:28:39.629610 | 8081
2026-02-22 10:28:39.629744 | 8096
2026-02-22 10:28:39.629902 | 8083
2026-02-22 10:28:39.645166 | 8074
2026-02-22 10:28:39.645445 | 8069
2026-02-22 10:28:39.645636 | 8064
2026-02-22 10:28:39.645816 | 8065
2026-02-22 10:28:39.646016 | 8070
2026-02-22 10:28:39.661132 | 8091
2026-02-22 10:28:39.661395 | 8086
2026-02-22 10:28:39.661580 | 8075
2026-02-22 10:28:39.661755 | 8076
2026-02-22 10:28:39.661944 | 8091
2026-02-22 10:28:39.677121 | 8078
2026-02-22 10:28:39.677359 | 8067
2026-02-22 10:28:39.677492 | 8074
2026-02-22 10:28:39.677624 | 8075
2026-02-22 10:28:39.677756 | 8076
2026-02-22 10:28:39.693035 | 8075
2026-02-22 10:28:39.693384 | 8070
2026-02-22 10:28:39.693598 | 8069
2026-02-22 10:28:39.693778 | 8060
2026-02-22 10:28:39.693979 | 8053
2026-02-22 10:28:39.709070 | 8050
2026-02-22 10:28:39.709494 | 8069
2026-02-22 10:28:39.709682 | 8084
2026-02-22 10:28:39.709878 | 8083
2026-02-22 10:28:39.710065 | 8074
2026-02-22 10:28:39.710237 | 8075
2026-02-22 10:28:39.725096 | 8058
2026-02-22 10:28:39.725398 | 8067
2026-02-22 10:28:39.725548 | 8082
2026-02-22 10:28:39.725686 | 8095
2026-02-22 10:28:39.725820 | 8104
2026-02-22 10:28:39.741282 | 8083
2026-02-22 10:28:39.741547 | 8064
2026-02-22 10:28:39.741733 | 8055
2026-02-22 10:28:39.741967 | 8060
2026-02-22 10:28:39.742163 | 8069
2026-02-22 10:28:39.757197 | 8068
2026-02-22 10:28:39.757602 | 8069
2026-02-22 10:28:39.757793 | 8082
2026-02-22 10:28:39.757966 | 8089
2026-02-22 10:28:39.758204 | 8068
2026-02-22 10:28:39.773158 | 8069
2026-02-22 10:28:39.773564 | 8052
2026-02-22 10:28:39.773707 | 8057
2026-02-22 10:28:39.773836 | 8058
2026-02-22 10:28:39.774003 | 8065
2026-02-22 10:28:39.789074 | 8078
2026-02-22 10:28:39.789446 | 8085
2026-02-22 10:28:39.789640 | 8074
2026-02-22 10:28:39.789803 | 8063
2026-02-22 10:28:39.789995 | 8068
2026-02-22 10:28:39.805222 | 8057
2026-02-22 10:28:39.805458 | 8066
2026-02-22 10:28:39.805602 | 8079
2026-02-22 10:28:39.805796 | 8082
2026-02-22 10:28:39.806038 | 8073
2026-02-22 10:28:39.820978 | 8072
2026-02-22 10:28:39.821203 | 8065
2026-02-22 10:28:39.821335 | 8064
2026-02-22 10:28:39.821561 | 8069
2026-02-22 10:28:39.821761 | 8066
2026-02-22 10:28:39.837186 | 8075
2026-02-22 10:28:39.837430 | 8090
2026-02-22 10:28:39.837583 | 8097
2026-02-22 10:28:39.837747 | 8086
2026-02-22 10:28:39.837919 | 8077
2026-02-22 10:28:39.852880 | 8054
2026-02-22 10:28:39.853106 | 8057
2026-02-22 10:28:39.853261 | 8076
2026-02-22 10:28:39.853425 | 8083
2026-02-22 10:28:39.853577 | 8088
2026-02-22 10:28:39.868851 | 8079
2026-02-22 10:28:39.869108 | 8078
2026-02-22 10:28:39.869238 | 8067
2026-02-22 10:28:39.869363 | 8054
2026-02-22 10:28:39.869486 | 8059
2026-02-22 10:28:39.884765 | 8066
2026-02-22 10:28:39.885043 | 8073
2026-02-22 10:28:39.885184 | 8074
2026-02-22 10:28:39.885391 | 8095
2026-02-22 10:28:39.885569 | 8082
2026-02-22 10:28:39.885706 | 8055
2026-02-22 10:28:39.900802 | 8042
2026-02-22 10:28:39.901097 | 8061
2026-02-22 10:28:39.901305 | 8076
2026-02-22 10:28:39.901516 | 8075
2026-02-22 10:28:39.901709 | 8082
2026-02-22 10:28:39.916805 | 8085
2026-02-22 10:28:39.917063 | 8076
2026-02-22 10:28:39.917194 | 8083
2026-02-22 10:28:39.917320 | 8064
2026-02-22 10:28:39.917447 | 8055
2026-02-22 10:28:39.932766 | 8062
2026-02-22 10:28:39.933041 | 8069
2026-02-22 10:28:39.933238 | 8086
2026-02-22 10:28:39.933426 | 8097
2026-02-22 10:28:39.933620 | 8074
2026-02-22 10:28:39.948763 | 8051
2026-02-22 10:28:39.949013 | 8044
2026-02-22 10:28:39.949151 | 8059
2026-02-22 10:28:39.949278 | 8068
2026-02-22 10:28:39.949402 | 8063
2026-02-22 10:28:39.964702 | 8078
2026-02-22 10:28:39.964951 | 8093
2026-02-22 10:28:39.965090 | 8082
2026-02-22 10:28:39.965219 | 8069
2026-02-22 10:28:39.965343 | 8052
2026-02-22 10:28:39.980736 | 8047
2026-02-22 10:28:39.980980 | 8052
2026-02-22 10:28:39.981117 | 8077
2026-02-22 10:28:39.981244 | 8100
2026-02-22 10:28:39.981373 | 8097
2026-02-22 10:28:39.996671 | 8086
2026-02-22 10:28:39.996917 | 8079
2026-02-22 10:28:39.997056 | 8086
2026-02-22 10:28:39.997190 | 8061
2026-02-22 10:28:39.997313 | 8068
2026-02-22 10:28:40.012643 | 8077
2026-02-22 10:28:40.012930 | 8076
2026-02-22 10:28:40.013133 | 8071
2026-02-22 10:28:40.013335 | 8078
2026-02-22 10:28:40.013522 | 8081
2026-02-22 10:28:40.028774 | 8074
2026-02-22 10:28:40.029083 | 8067
2026-02-22 10:28:40.029285 | 8068
2026-02-22 10:28:40.029466 | 8079
2026-02-22 10:28:40.029659 | 8086
2026-02-22 10:28:40.044694 | 8077
2026-02-22 10:28:40.045097 | 8070
2026-02-22 10:28:40.045300 | 8075
2026-02-22 10:28:40.045477 | 8064
2026-02-22 10:28:40.045668 | 8059
2026-02-22 10:28:40.045880 | 8062
2026-02-22 10:28:40.060745 | 8073
2026-02-22 10:28:40.061103 | 8076
2026-02-22 10:28:40.061329 | 8087
2026-02-22 10:28:40.061522 | 8084
2026-02-22 10:28:40.061702 | 8065
2026-02-22 10:28:40.076794 | 8060
2026-02-22 10:28:40.077364 | 8061
2026-02-22 10:28:40.077529 | 8060
2026-02-22 10:28:40.077655 | 8065
2026-02-22 10:28:40.077779 | 8070
2026-02-22 10:28:40.092768 | 8087
2026-02-22 10:28:40.093256 | 8078
2026-02-22 10:28:40.093483 | 8057
2026-02-22 10:28:40.093662 | 8048
2026-02-22 10:28:40.093848 | 8051
2026-02-22 10:28:40.108672 | 8058
2026-02-22 10:28:40.109138 | 8073
2026-02-22 10:28:40.109342 | 8084
2026-02-22 10:28:40.109527 | 8073
2026-02-22 10:28:40.109707 | 8074
2026-02-22 10:28:40.124644 | 8079
2026-02-22 10:28:40.125055 | 8066
2026-02-22 10:28:40.125251 | 8059
2026-02-22 10:28:40.125448 | 8060
2026-02-22 10:28:40.125650 | 8063
2026-02-22 10:28:40.140663 | 8076
2026-02-22 10:28:40.141157 | 8081
2026-02-22 10:28:40.141343 | 8072
2026-02-22 10:28:40.141520 | 8063
2026-02-22 10:28:40.141701 | 8064
2026-02-22 10:28:40.156525 | 8073
2026-02-22 10:28:40.156756 | 8068
2026-02-22 10:28:40.156918 | 8061
2026-02-22 10:28:40.157061 | 8066
2026-02-22 10:28:40.157186 | 8079
2026-02-22 10:28:40.172488 | 8076
2026-02-22 10:28:40.172788 | 8069
2026-02-22 10:28:40.173003 | 8062
2026-02-22 10:28:40.173196 | 8055
2026-02-22 10:28:40.173340 | 8048
2026-02-22 10:28:40.188392 | 8055
2026-02-22 10:28:40.188618 | 8072
2026-02-22 10:28:40.188754 | 8087
2026-02-22 10:28:40.188960 | 8070
2026-02-22 10:28:40.189164 | 8065
2026-02-22 10:28:40.204393 | 8064
2026-02-22 10:28:40.204635 | 8069
2026-02-22 10:28:40.204766 | 8058
2026-02-22 10:28:40.204908 | 8069
2026-02-22 10:28:40.205049 | 8084
2026-02-22 10:28:40.205175 | 8095
2026-02-22 10:28:40.220423 | 8074
2026-02-22 10:28:40.220648 | 8071
2026-02-22 10:28:40.220790 | 8064
2026-02-22 10:28:40.220945 | 8057
2026-02-22 10:28:40.221092 | 8056
2026-02-22 10:28:40.236359 | 8069
2026-02-22 10:28:40.236594 | 8072
2026-02-22 10:28:40.236736 | 8075
2026-02-22 10:28:40.236886 | 8068
2026-02-22 10:28:40.237036 | 8065
2026-02-22 10:28:40.252288 | 8066
2026-02-22 10:28:40.252521 | 8061
2026-02-22 10:28:40.252660 | 8058
2026-02-22 10:28:40.252803 | 8071
2026-02-22 10:28:40.252961 | 8082
2026-02-22 10:28:40.268280 | 8083
2026-02-22 10:28:40.268511 | 8074
2026-02-22 10:28:40.268653 | 8075
2026-02-22 10:28:40.268791 | 8076
2026-02-22 10:28:40.268966 | 8073
2026-02-22 10:28:40.284232 | 8068
2026-02-22 10:28:40.284457 | 8073
2026-02-22 10:28:40.284589 | 8084
2026-02-22 10:28:40.284720 | 8083
2026-02-22 10:28:40.284844 | 8068
2026-02-22 10:28:40.300251 | 8073
2026-02-22 10:28:40.300482 | 8070
2026-02-22 10:28:40.300612 | 8069
2026-02-22 10:28:40.300740 | 8078
2026-02-22 10:28:40.300906 | 8083
2026-02-22 10:28:40.316247 | 8074
2026-02-22 10:28:40.316474 | 8073
2026-02-22 10:28:40.316603 | 8068
2026-02-22 10:28:40.316728 | 8079
2026-02-22 10:28:40.316851 | 8068
2026-02-22 10:28:40.332154 | 8061
2026-02-22 10:28:40.332379 | 8076
2026-02-22 10:28:40.332510 | 8085
2026-02-22 10:28:40.332635 | 8086
2026-02-22 10:28:40.332763 | 8079
2026-02-22 10:28:40.348129 | 8072
2026-02-22 10:28:40.348350 | 8063
2026-02-22 10:28:40.348475 | 8066
2026-02-22 10:28:40.348599 | 8065
2026-02-22 10:28:40.348722 | 8064
2026-02-22 10:28:40.364121 | 8065
2026-02-22 10:28:40.364346 | 8074
2026-02-22 10:28:40.364475 | 8073
2026-02-22 10:28:40.364603 | 8076
2026-02-22 10:28:40.364727 | 8061
2026-02-22 10:28:40.380115 | 8060
2026-02-22 10:28:40.380351 | 8063
2026-02-22 10:28:40.380480 | 8068
2026-02-22 10:28:40.380605 | 8075
2026-02-22 10:28:40.380730 | 8076
2026-02-22 10:28:40.380853 | 8073
2026-02-22 10:28:40.396155 | 8068
2026-02-22 10:28:40.396385 | 8073
2026-02-22 10:28:40.396518 | 8060
2026-02-22 10:28:40.396682 | 8057
2026-02-22 10:28:40.396852 | 8068
2026-02-22 10:28:40.412195 | 8073
2026-02-22 10:28:40.412460 | 8082
2026-02-22 10:28:40.412650 | 8083
2026-02-22 10:28:40.412804 | 8072
2026-02-22 10:28:40.412980 | 8083
2026-02-22 10:28:40.428101 | 8086
2026-02-22 10:28:40.428363 | 8083
2026-02-22 10:28:40.428551 | 8068
2026-02-22 10:28:40.428712 | 8069
2026-02-22 10:28:40.428901 | 8078
2026-02-22 10:28:40.444085 | 8091
2026-02-22 10:28:40.444426 | 8090
2026-02-22 10:28:40.444655 | 8091
2026-02-22 10:28:40.444827 | 8084
2026-02-22 10:28:40.445031 | 8073
2026-02-22 10:28:40.460219 | 8066
2026-02-22 10:28:40.460584 | 8073
2026-02-22 10:28:40.460795 | 8082
2026-02-22 10:28:40.461001 | 8085
2026-02-22 10:28:40.461210 | 8084
2026-02-22 10:28:40.476311 | 8065
2026-02-22 10:28:40.476818 | 8064
2026-02-22 10:28:40.477078 | 8063
2026-02-22 10:28:40.477258 | 8064
2026-02-22 10:28:40.477447 | 8073
2026-02-22 10:28:40.492190 | 8070
2026-02-22 10:28:40.492634 | 8081
2026-02-22 10:28:40.492833 | 8084
2026-02-22 10:28:40.493081 | 8091
2026-02-22 10:28:40.493260 | 8072
2026-02-22 10:28:40.508119 | 8051
2026-02-22 10:28:40.508485 | 8064
2026-02-22 10:28:40.508670 | 8069
2026-02-22 10:28:40.508885 | 8082
2026-02-22 10:28:40.509106 | 8101
2026-02-22 10:28:40.524166 | 8094
2026-02-22 10:28:40.524657 | 8059
2026-02-22 10:28:40.524882 | 8054
2026-02-22 10:28:40.525058 | 8069
2026-02-22 10:28:40.525225 | 8074
2026-02-22 10:28:40.539958 | 8073
2026-02-22 10:28:40.540337 | 8086
2026-02-22 10:28:40.540474 | 8087
2026-02-22 10:28:40.540602 | 8076
2026-02-22 10:28:40.540746 | 8065
2026-02-22 10:28:40.555902 | 8070
2026-02-22 10:28:40.556150 | 8065
2026-02-22 10:28:40.556308 | 8068
2026-02-22 10:28:40.556448 | 8083
2026-02-22 10:28:40.556592 | 8094
2026-02-22 10:28:40.556734 | 8095
2026-02-22 10:28:40.572139 | 8082
2026-02-22 10:28:40.572418 | 8075
2026-02-22 10:28:40.572607 | 8072
2026-02-22 10:28:40.572801 | 8059
2026-02-22 10:28:40.573003 | 8074
2026-02-22 10:28:40.587885 | 8091
2026-02-22 10:28:40.588151 | 8092
2026-02-22 10:28:40.588345 | 8091
2026-02-22 10:28:40.588526 | 8090
2026-02-22 10:28:40.588718 | 8079
2026-02-22 10:28:40.603879 | 8056
2026-02-22 10:28:40.604137 | 8055
2026-02-22 10:28:40.604335 | 8078
2026-02-22 10:28:40.604516 | 8079
2026-02-22 10:28:40.604707 | 8074
2026-02-22 10:28:40.620196 | 8077
2026-02-22 10:28:40.620434 | 8078
2026-02-22 10:28:40.620620 | 8073
2026-02-22 10:28:40.620821 | 8072
2026-02-22 10:28:40.621069 | 8073
2026-02-22 10:28:40.635815 | 8068
2026-02-22 10:28:40.636065 | 8059
2026-02-22 10:28:40.636205 | 8068
2026-02-22 10:28:40.636347 | 8093
2026-02-22 10:28:40.636484 | 8094
2026-02-22 10:28:40.651738 | 8077
2026-02-22 10:28:40.651997 | 8066
2026-02-22 10:28:40.652143 | 8061
2026-02-22 10:28:40.652284 | 8064
2026-02-22 10:28:40.652429 | 8065
2026-02-22 10:28:40.667771 | 8084
2026-02-22 10:28:40.668014 | 8083
2026-02-22 10:28:40.668148 | 8072
2026-02-22 10:28:40.668276 | 8079
2026-02-22 10:28:40.668400 | 8082
2026-02-22 10:28:40.684053 | 8075
2026-02-22 10:28:40.684318 | 8070
2026-02-22 10:28:40.684457 | 8075
2026-02-22 10:28:40.684588 | 8082
2026-02-22 10:28:40.684710 | 8081
2026-02-22 10:28:40.699743 | 8074
2026-02-22 10:28:40.700006 | 8075
2026-02-22 10:28:40.700162 | 8072
2026-02-22 10:28:40.700314 | 8079
2026-02-22 10:28:40.700506 | 8072
2026-02-22 10:28:40.715577 | 8065
2026-02-22 10:28:40.715806 | 8074
2026-02-22 10:28:40.715970 | 8091
2026-02-22 10:28:40.716123 | 8082
2026-02-22 10:28:40.716325 | 8071
2026-02-22 10:28:40.716531 | 8060
2026-02-22 10:28:40.731627 | 8047
2026-02-22 10:28:40.731896 | 8060
2026-02-22 10:28:40.732095 | 8073
2026-02-22 10:28:40.732272 | 8070
2026-02-22 10:28:40.732462 | 8083
2026-02-22 10:28:40.747628 | 8082
2026-02-22 10:28:40.747916 | 8073
2026-02-22 10:28:40.748114 | 8064
2026-02-22 10:28:40.748292 | 8061
2026-02-22 10:28:40.748484 | 8050
2026-02-22 10:28:40.763604 | 8067
2026-02-22 10:28:40.763849 | 8084
2026-02-22 10:28:40.764064 | 8089
2026-02-22 10:28:40.764266 | 8086
2026-02-22 10:28:40.764463 | 8087
2026-02-22 10:28:40.779563 | 8074
2026-02-22 10:28:40.779811 | 8065
2026-02-22 10:28:40.780023 | 8068
2026-02-22 10:28:40.780235 | 8073
2026-02-22 10:28:40.780431 | 8072
2026-02-22 10:28:40.795595 | 8091
2026-02-22 10:28:40.795885 | 8100
2026-02-22 10:28:40.796096 | 8087
2026-02-22 10:28:40.796259 | 8088
2026-02-22 10:28:40.796448 | 8091
2026-02-22 10:28:40.811631 | 8082
2026-02-22 10:28:40.812061 | 8077
2026-02-22 10:28:40.812265 | 8068
2026-02-22 10:28:40.812459 | 8067
2026-02-22 10:28:40.812651 | 8080
2026-02-22 10:28:40.827538 | 8083
2026-02-22 10:28:40.827946 | 8074
2026-02-22 10:28:40.828182 | 8067
2026-02-22 10:28:40.828377 | 8078
2026-02-22 10:28:40.828585 | 8075
2026-02-22 10:28:40.843722 | 8062
2026-02-22 10:28:40.844173 | 8079
2026-02-22 10:28:40.844399 | 8090
2026-02-22 10:28:40.844579 | 8071
2026-02-22 10:28:40.844771 | 8060
2026-02-22 10:28:40.859659 | 8079
2026-02-22 10:28:40.860127 | 8082
2026-02-22 10:28:40.860314 | 8071
2026-02-22 10:28:40.860475 | 8076
2026-02-22 10:28:40.860651 | 8079
2026-02-22 10:28:40.875645 | 8074
2026-02-22 10:28:40.876176 | 8075
2026-02-22 10:28:40.876380 | 8076
2026-02-22 10:28:40.876573 | 8071
2026-02-22 10:28:40.876728 | 8052
2026-02-22 10:28:40.891529 | 8055
2026-02-22 10:28:40.891924 | 8072
2026-02-22 10:28:40.892076 | 8073
2026-02-22 10:28:40.892226 | 8068
2026-02-22 10:28:40.892356 | 8073
2026-02-22 10:28:40.907431 | 8072
2026-02-22 10:28:40.907786 | 8061
2026-02-22 10:28:40.907959 | 8060
2026-02-22 10:28:40.908106 | 8065
2026-02-22 10:28:40.908287 | 8072
2026-02-22 10:28:40.908475 | 8075
2026-02-22 10:28:40.923537 | 8078
2026-02-22 10:28:40.923995 | 8079
2026-02-22 10:28:40.924200 | 8060
2026-02-22 10:28:40.924374 | 8069
2026-02-22 10:28:40.924564 | 8070
2026-02-22 10:28:40.939394 | 8073
2026-02-22 10:28:40.939668 | 8082
2026-02-22 10:28:40.939848 | 8079
2026-02-22 10:28:40.940075 | 8082
2026-02-22 10:28:40.940251 | 8087
2026-02-22 10:28:40.955332 | 8080
2026-02-22 10:28:40.955604 | 8079
2026-02-22 10:28:40.955778 | 8074
2026-02-22 10:28:40.955971 | 8065
2026-02-22 10:28:40.956156 | 8072
2026-02-22 10:28:40.971472 | 8079
2026-02-22 10:28:40.971764 | 8096
2026-02-22 10:28:40.972003 | 8091
2026-02-22 10:28:40.972192 | 8062
2026-02-22 10:28:40.972369 | 8061
2026-02-22 10:28:40.987293 | 8058
2026-02-22 10:28:40.987551 | 8061
2026-02-22 10:28:40.987696 | 8072
2026-02-22 10:28:40.987836 | 8073
2026-02-22 10:28:40.988000 | 8068
2026-02-22 10:28:41.003285 | 8069
2026-02-22 10:28:41.003555 | 8074
2026-02-22 10:28:41.003721 | 8061
2026-02-22 10:28:41.003902 | 8056
2026-02-22 10:28:41.004058 | 8067
2026-02-22 10:28:41.019263 | 8068
2026-02-22 10:28:41.019521 | 8087
2026-02-22 10:28:41.019658 | 8090
2026-02-22 10:28:41.019783 | 8083
2026-02-22 10:28:41.019920 | 8080
2026-02-22 10:28:41.035203 | 8061
2026-02-22 10:28:41.035456 | 8048
2026-02-22 10:28:41.035595 | 8061
2026-02-22 10:28:41.035719 | 8080
2026-02-22 10:28:41.035842 | 8083
2026-02-22 10:28:41.051209 | 8082
2026-02-22 10:28:41.051508 | 8079
2026-02-22 10:28:41.051687 | 8068
2026-02-22 10:28:41.051886 | 8071
2026-02-22 10:28:41.052084 | 8068
2026-02-22 10:28:41.067163 | 8063
2026-02-22 10:28:41.067465 | 8068
2026-02-22 10:28:41.067637 | 8075
2026-02-22 10:28:41.067799 | 8084
2026-02-22 10:28:41.067981 | 8085
2026-02-22 10:28:41.068159 | 8078
2026-02-22 10:28:41.083122 | 8061
2026-02-22 10:28:41.083384 | 8060
2026-02-22 10:28:41.083523 | 8071
2026-02-22 10:28:41.083674 | 8078
2026-02-22 10:28:41.083816 | 8079
2026-02-22 10:28:41.099122 | 8094
2026-02-22 10:28:41.099376 | 8091
2026-02-22 10:28:41.099510 | 8070
2026-02-22 10:28:41.099652 | 8061
2026-02-22 10:28:41.099792 | 8060
2026-02-22 10:28:41.115109 | 8073
2026-02-22 10:28:41.115368 | 8092
2026-02-22 10:28:41.115516 | 8085
2026-02-22 10:28:41.115663 | 8078
2026-02-22 10:28:41.115810 | 8075
2026-02-22 10:28:41.131112 | 8060
2026-02-22 10:28:41.131365 | 8061
2026-02-22 10:28:41.131516 | 8056
2026-02-22 10:28:41.131660 | 8061
2026-02-22 10:28:41.131809 | 8070
2026-02-22 10:28:41.147001 | 8079
2026-02-22 10:28:41.147225 | 8078
2026-02-22 10:28:41.147367 | 8083
2026-02-22 10:28:41.147519 | 8068
2026-02-22 10:28:41.147664 | 8065
2026-02-22 10:28:41.163042 | 8054
2026-02-22 10:28:41.163310 | 8061
2026-02-22 10:28:41.163511 | 8086
2026-02-22 10:28:41.163684 | 8091
2026-02-22 10:28:41.163828 | 8092
2026-02-22 10:28:41.179190 | 8075
2026-02-22 10:28:41.179525 | 8060
2026-02-22 10:28:41.179725 | 8059
2026-02-22 10:28:41.179926 | 8056
2026-02-22 10:28:41.180119 | 8065
2026-02-22 10:28:41.194984 | 8070
2026-02-22 10:28:41.195384 | 8079
2026-02-22 10:28:41.195577 | 8086
2026-02-22 10:28:41.195766 | 8085
2026-02-22 10:28:41.195998 | 8060
2026-02-22 10:28:41.210986 | 8057
2026-02-22 10:28:41.211278 | 8052
2026-02-22 10:28:41.211485 | 8057
2026-02-22 10:28:41.211679 | 8084
2026-02-22 10:28:41.211875 | 8101
2026-02-22 10:28:41.226936 | 8082
2026-02-22 10:28:41.227221 | 8073
2026-02-22 10:28:41.227424 | 8070
2026-02-22 10:28:41.227603 | 8061
2026-02-22 10:28:41.227798 | 8064
2026-02-22 10:28:41.242913 | 8077
2026-02-22 10:28:41.243212 | 8078
2026-02-22 10:28:41.243411 | 8075
2026-02-22 10:28:41.243600 | 8088
2026-02-22 10:28:41.243803 | 8085
2026-02-22 10:28:41.244004 | 8074
2026-02-22 10:28:41.259147 | 8061
2026-02-22 10:28:41.259569 | 8046
2026-02-22 10:28:41.259708 | 8053
2026-02-22 10:28:41.259852 | 8066
2026-02-22 10:28:41.260044 | 8075
2026-02-22 10:28:41.275061 | 8082
2026-02-22 10:28:41.275513 | 8085
2026-02-22 10:28:41.275725 | 8072
2026-02-22 10:28:41.275931 | 8053
2026-02-22 10:28:41.276128 | 8048
2026-02-22 10:28:41.290998 | 8069
2026-02-22 10:28:41.291450 | 8072
2026-02-22 10:28:41.291641 | 8079
2026-02-22 10:28:41.291818 | 8074
2026-02-22 10:28:41.292019 | 8073
2026-02-22 10:28:41.306931 | 8064
2026-02-22 10:28:41.307269 | 8051
2026-02-22 10:28:41.307436 | 8046
2026-02-22 10:28:41.307600 | 8053
2026-02-22 10:28:41.307761 | 8068
2026-02-22 10:28:41.322789 | 8087
2026-02-22 10:28:41.323241 | 8094
2026-02-22 10:28:41.323403 | 8077
2026-02-22 10:28:41.323575 | 8074
2026-02-22 10:28:41.323770 | 8075
2026-02-22 10:28:41.338847 | 8056
2026-02-22 10:28:41.339101 | 8057
2026-02-22 10:28:41.339234 | 8074
2026-02-22 10:28:41.339357 | 8079
2026-02-22 10:28:41.339481 | 8078
2026-02-22 10:28:41.354836 | 8091
2026-02-22 10:28:41.355094 | 8082
2026-02-22 10:28:41.355235 | 8069
2026-02-22 10:28:41.355372 | 8062
2026-02-22 10:28:41.355512 | 8067
2026-02-22 10:28:41.370768 | 8056
2026-02-22 10:28:41.371014 | 8065
2026-02-22 10:28:41.371158 | 8088
2026-02-22 10:28:41.371296 | 8093
2026-02-22 10:28:41.371439 | 8082
2026-02-22 10:28:41.386834 | 8067
2026-02-22 10:28:41.387075 | 8052
2026-02-22 10:28:41.387203 | 8065
2026-02-22 10:28:41.387326 | 8072
2026-02-22 10:28:41.387448 | 8083
2026-02-22 10:28:41.402622 | 8100
2026-02-22 10:28:41.402857 | 8085
2026-02-22 10:28:41.403012 | 8058
2026-02-22 10:28:41.403140 | 8057
2026-02-22 10:28:41.403264 | 8058
2026-02-22 10:28:41.403387 | 8067
2026-02-22 10:28:41.418708 | 8072
2026-02-22 10:28:41.418995 | 8083
2026-02-22 10:28:41.419208 | 8082
2026-02-22 10:28:41.419397 | 8075
2026-02-22 10:28:41.419604 | 8068
2026-02-22 10:28:41.434673 | 8065